
power = 2755.99424809881
throughput = 15595.33
composite = 6555.96215495504
